2.10919
2.10919
2.10919
2.06940
1.98287
1.98287
1.98287
1.96728
1.95740
1.95740
1.95563
1.95563
1.95563
1.94552
1.94030
1.89802
1.89573
1.89573
1.88544
1.88544
1.88544
1.86791
1.86791
1.86791
1.86791
1.86791
1.86791
1.86791
1.86791
1.86791
1.86791
1.86626
1.85988
1.85485
1.85485
1.85485
1.85485
1.85426
1.85426
1.85389
1.85389
1.85257
1.85257
1.85257
1.85257
1.85257
1.85257
1.85257
1.85257
1.85257
1.85257
1.85257
1.85257
1.85257
1.85257
1.85257
1.85257
1.85257
1.85257
1.85257
1.85257
1.85175
1.85175
1.85175
1.85175
1.85175
1.85175
1.85114
1.85114
1.85106
1.85106
1.85103
1.85078
1.85063
1.85063
1.85055
1.85055
1.85055
1.85055
1.85053
1.85053
1.85053
1.85053
1.85053
1.85053
1.85053
1.85053
1.85053
1.85053
1.85053
1.85053
1.85053
1.85053
1.85053
1.85053
1.85053
1.85053
1.85053
1.85053
1.85053
1.85053
1.85053
1.85053
1.85053
1.85053
1.85053
1.85053
1.85053
1.85053
1.85053
1.85053
1.85053
1.85053
1.85053
1.85053
1.85053
1.85053
1.85053
1.85053
1.85053
1.85053
1.85053
1.85053
1.85053
1.85053
1.85053
1.85053
1.85053
1.85053
1.85053
1.85053
1.85053
1.85053
1.85053
1.85053
1.85053
1.85053
1.85053
1.85053
1.85053
1.85053
1.85053
1.85053
1.85053
1.85053
1.85053
1.85053
1.85053
1.85053
1.85053
1.85053
1.85053
1.85053
1.85053
1.85053
1.85053
1.85053
1.85053
1.85053
1.85053
1.85053
1.85053
1.85053
1.85053
1.85053
1.85053
1.85053
1.85053
1.85053
1.85053
1.85053
1.85053
1.85053
1.85053
1.85053
1.85053
1.85053
1.85053
1.85053
1.85053
1.85053
1.85053
1.85053
1.85053
1.85053
1.85053
1.85053
1.85053
1.85053
1.85053
1.85053
1.85053
1.85053
1.85053
1.85053
1.85053
1.85053
1.85053
1.85053
1.85053
1.85053
1.85053
1.85053
1.85053
1.85053
1.85053
1.85053
1.85053
1.85053
1.85053
1.85053
1.85053
1.85053
1.85053
1.85053
1.85053
1.85053
1.85053
1.85053
1.85053
1.85053
1.85053
1.85053
1.85053
1.85053
1.85053
1.85053
1.85053
1.85053
1.85053
1.85053
1.85053
1.85053
1.85053
1.85053
1.85053
1.85053
1.85053
1.85053
1.85053
1.85053
1.85053
1.85053
1.85053
1.85053
1.85053
1.85053
1.85053
1.85053
1.85053
1.85053
1.85053
1.85053
1.85053
1.85053
1.85053
1.85053
1.85053
1.85053
1.85053
1.85053
1.85053
1.85053
1.85053
1.85053
1.85053
1.85053
1.85053
1.85053
1.85053
1.85053
1.85053
1.85053
1.85053
1.85053
1.85053
1.85053
1.85053
1.85053
1.85053
1.85053
1.85053
1.85053
1.85053
1.85053
1.85053
1.85053
1.85053
1.85053
1.85053
1.85053
1.85053
1.85053
1.85053
1.85053
1.85053
1.85053
1.85053
1.85053
1.85053
1.85053
1.85053
1.85053
1.85053
1.85053
1.85053
1.85053
1.85053
1.85053
1.85053
1.85053
1.85053
1.85053
1.85053
1.85053
1.85053
1.85053
1.85053
1.85053
1.85053
1.85053
1.85053
1.85052
1.85052
1.85052
1.85052
1.85052
1.85052
1.85052
1.85052
1.85052
1.85052
1.85052
1.85052
1.85052
1.85052
1.85052
1.85052
1.85052
1.85052
1.85052
1.85052
1.85052
1.85052
1.85052
1.85052
1.85052
1.85052
1.85052
1.85052
1.85052
1.85052
1.85052
1.85052
1.85052
1.85052
1.85052
1.85052
1.85052
1.85052
1.85052
1.85052
1.85052
1.85052
1.85052
1.85052
1.85052
1.85052
1.85052
1.85052
1.85052
1.85052
1.85052
1.85052
1.85052
1.85052
1.85052
1.85052
1.85052
1.85052
1.85052
1.85052
1.85052
1.85052
1.85052
1.85052
1.85052
1.85052
1.85052
1.85052
1.85052
1.85052
1.85052
1.85052
1.85052
1.85052
1.85052
1.85052
1.85052
1.85052
1.85052
1.85052
1.85052
1.85052
1.85052
1.85052
1.85052
1.85052
1.85052
1.85052
1.85052
1.85052
1.85052
1.85052
1.85052
1.85052
1.85052
1.85052
1.85052
1.85052
1.85052
1.85052
1.85052
1.85052
1.85052
1.85052
1.85052
1.85052
1.85052
1.85052
1.85052
1.85052
1.85052
1.85052
1.85052
1.85052
1.85052
1.85052
1.85052
1.85052
1.85052
1.85052
1.85052
1.85052
1.85052
1.85052
1.85052
1.85052
1.85052
1.85052
1.85052
1.85052
1.85052
1.85052
1.85052
1.85052
1.85052
1.85052
1.85052
1.85052
1.85052
1.85052
1.85052
1.85052
1.85052
1.85052
1.85052
1.85052
1.85052
1.85052
1.85052
1.85052
1.85052
1.85052
1.85052
1.85052
1.85052
1.85052
1.85052
1.85052
1.85052
1.85052
1.85052
1.85052
1.85052
1.85052
1.85052
1.85052
1.85052
1.85052
1.85052
1.85052
1.85052
1.85052
1.85052
1.85052
1.85052
1.85052
1.85052
1.85052
