0.54529
0.54529
0.54529
0.38853
0.38853
0.38853
0.38853
0.38853
0.38853
0.38853
0.38853
0.38853
0.38853
0.37081
0.37081
0.37003
0.37003
0.37003
0.37003
0.36804
0.36097
0.36097
0.36097
0.36097
0.36097
0.36097
0.36097
0.36097
0.36097
0.36097
0.36097
0.36097
0.36097
0.35946
0.35939
0.35939
0.35939
0.35939
0.35939
0.35939
0.35939
0.35939
0.35939
0.35939
0.35910
0.35767
0.35767
0.35767
0.35767
0.35765
0.35765
0.35762
0.35721
0.35721
0.35694
0.35694
0.35694
0.35694
0.35680
0.35668
0.35668
0.35668
0.35668
0.35665
0.35653
0.35653
0.35653
0.35653
0.35653
0.35653
0.35652
0.35652
0.35652
0.35652
0.35648
0.35648
0.35648
0.35648
0.35648
0.35648
0.35648
0.35648
0.35648
0.35648
0.35648
0.35648
0.35648
0.35648
0.35647
0.35647
0.35646
0.35646
0.35646
0.35646
0.35646
0.35646
0.35646
0.35646
0.35646
0.35646
0.35646
0.35646
0.35646
0.35646
0.35646
0.35646
0.35646
0.35646
0.35646
0.35646
0.35646
0.35646
0.35646
0.35646
0.35646
0.35646
0.35646
0.35646
0.35646
0.35646
0.35646
0.35646
0.35646
0.35646
0.35646
0.35646
0.35646
0.35646
0.35646
0.35646
0.35646
0.35646
0.35646
0.35646
0.35646
0.35646
0.35646
0.35646
0.35646
0.35646
0.35646
0.35646
0.35646
0.35646
0.35646
0.35646
0.35646
0.35646
0.35646
0.35646
0.35646
0.35646
0.35646
0.35646
0.35646
0.35646
0.35646
0.35646
0.35646
0.35646
0.35646
0.35646
0.35646
0.35646
0.35646
0.35646
0.35646
0.35646
0.35646
0.35646
0.35646
0.35646
0.35646
0.35646
0.35646
0.35646
0.35646
0.35646
0.35646
0.35646
0.35646
0.35646
0.35646
0.35646
0.35646
0.35646
0.35646
0.35646
0.35646
0.35646
0.35646
0.35646
0.35646
0.35646
0.35646
0.35646
0.35646
0.35646
0.35646
0.35646
0.35646
0.35646
0.35646
0.35646
0.35646
0.35646
0.35646
0.35646
0.35646
0.35646
0.35646
0.35646
0.35646
0.35646
0.35646
0.35646
0.35646
0.35646
0.35646
0.35646
0.35646
0.35646
0.35646
0.35646
0.35646
0.35646
0.35646
0.35646
0.35646
0.35646
0.35646
0.35646
0.35646
0.35646
0.35646
0.35646
0.35646
0.35646
0.35646
0.35646
0.35646
0.35646
0.35646
0.35646
0.35646
0.35646
0.35646
0.35646
0.35646
0.35646
0.35646
0.35646
0.35646
0.35646
0.35646
0.35646
0.35646
0.35646
0.35646
0.35646
0.35646
0.35646
0.35646
0.35646
0.35646
0.35646
0.35646
0.35646
0.35646
0.35646
0.35646
0.35646
0.35646
0.35646
0.35646
0.35646
0.35646
0.35646
0.35646
0.35646
0.35646
0.35646
0.35646
0.35646
0.35646
0.35646
0.35646
0.35646
0.35646
0.35646
0.35646
0.35646
0.35646
0.35646
0.35646
0.35646
0.35646
0.35646
0.35646
0.35646
0.35646
0.35646
0.35646
0.35646
0.35646
0.35646
0.35646
0.35646
0.35646
0.35646
0.35646
0.35646
0.35646
0.35646
0.35646
0.35646
0.35646
0.35646
0.35646
0.35646
0.35646
0.35646
0.35646
0.35646
0.35646
0.35646
0.35646
0.35646
0.35646
0.35646
0.35646
0.35646
0.35646
0.35646
0.35646
0.35646
0.35646
0.35646
0.35646
0.35646
0.35646
0.35646
0.35646
0.35646
0.35646
0.35646
0.35646
0.35646
0.35646
0.35646
0.35646
0.35646
0.35646
0.35646
0.35646
0.35646
0.35646
0.35646
0.35646
0.35646
0.35646
0.35646
0.35646
0.35646
0.35646
0.35646
0.35646
0.35646
0.35646
0.35646
0.35646
0.35646
0.35646
0.35646
0.35646
0.35646
0.35646
0.35646
0.35646
0.35646
0.35646
0.35646
0.35646
0.35646
0.35646
0.35646
0.35646
0.35646
0.35646
0.35646
0.35646
0.35646
0.35646
0.35646
0.35646
0.35646
0.35646
0.35646
0.35646
0.35646
0.35646
0.35646
0.35646
0.35646
0.35646
0.35646
0.35646
0.35646
0.35646
0.35646
0.35646
0.35646
0.35646
0.35646
0.35646
0.35646
0.35646
0.35646
0.35646
0.35646
0.35646
0.35646
0.35646
0.35646
0.35646
0.35646
0.35646
0.35646
0.35646
0.35646
0.35646
0.35646
0.35646
0.35646
0.35646
0.35646
0.35646
0.35646
0.35646
0.35646
0.35646
0.35646
0.35646
0.35646
0.35646
0.35646
0.35646
0.35646
0.35646
0.35646
0.35646
0.35646
0.35646
0.35646
0.35646
0.35646
0.35646
0.35646
0.35646
0.35646
0.35646
0.35646
0.35646
0.35646
0.35646
0.35646
0.35646
0.35646
0.35646
0.35646
0.35646
0.35646
0.35646
0.35646
0.35646
0.35646
0.35646
0.35646
0.35646
0.35646
0.35646
0.35646
0.35646
0.35646
0.35646
0.35646
0.35646
0.35646
0.35646
0.35646
0.35646
0.35646
0.35646
0.35646
0.35646
0.35646
0.35646
0.35646
0.35646
0.35646
