0.32852
0.32852
0.29823
0.28936
0.28936
0.28936
0.28936
0.28936
0.28936
0.28742
0.28742
0.27340
0.27340
0.26269
0.26269
0.26269
0.26269
0.26269
0.26269
0.26188
0.26188
0.26188
0.26188
0.26188
0.26188
0.26188
0.26121
0.26087
0.26087
0.26087
0.25992
0.25992
0.25965
0.25965
0.25965
0.25925
0.25925
0.25925
0.25925
0.25923
0.25923
0.25891
0.25891
0.25891
0.25891
0.25891
0.25891
0.25888
0.25888
0.25885
0.25885
0.25885
0.25885
0.25880
0.25876
0.25873
0.25871
0.25870
0.25869
0.25869
0.25869
0.25868
0.25868
0.25868
0.25868
0.25868
0.25868
0.25868
0.25868
0.25868
0.25868
0.25868
0.25868
0.25868
0.25868
0.25868
0.25868
0.25868
0.25868
0.25868
0.25868
0.25868
0.25868
0.25868
0.25868
0.25868
0.25867
0.25867
0.25867
0.25867
0.25867
0.25867
0.25867
0.25867
0.25867
0.25867
0.25867
0.25867
0.25867
0.25867
0.25867
0.25867
0.25867
0.25867
0.25867
0.25867
0.25867
0.25867
0.25867
0.25867
0.25867
0.25867
0.25867
0.25867
0.25867
0.25867
0.25867
0.25867
0.25867
0.25867
0.25867
0.25867
0.25867
0.25867
0.25867
0.25867
0.25867
0.25867
0.25867
0.25867
0.25867
0.25867
0.25867
0.25867
0.25867
0.25867
0.25867
0.25867
0.25867
0.25867
0.25867
0.25867
0.25867
0.25867
0.25867
0.25867
0.25867
0.25867
0.25867
0.25867
0.25867
0.25867
0.25867
0.25867
0.25867
0.25867
0.25867
0.25867
0.25867
0.25867
0.25867
0.25867
0.25867
0.25867
0.25867
0.25867
0.25867
0.25867
0.25867
0.25867
0.25867
0.25867
0.25867
0.25867
0.25867
0.25867
0.25867
0.25867
0.25867
0.25867
0.25867
0.25867
0.25867
0.25867
0.25867
0.25867
0.25867
0.25867
0.25867
0.25867
0.25867
0.25867
0.25867
0.25867
0.25867
0.25867
0.25867
0.25867
0.25867
0.25867
0.25867
0.25867
0.25867
0.25867
0.25867
0.25867
0.25867
0.25867
0.25867
0.25867
0.25867
0.25867
0.25867
0.25867
0.25867
0.25867
0.25867
0.25867
0.25867
0.25867
0.25867
0.25867
0.25867
0.25867
0.25867
0.25867
0.25867
0.25867
0.25867
0.25867
0.25867
0.25867
0.25867
0.25867
0.25867
0.25867
0.25867
0.25867
0.25867
0.25867
0.25867
0.25867
0.25867
0.25867
0.25867
0.25867
0.25867
0.25867
0.25867
0.25867
0.25867
0.25867
0.25867
0.25867
0.25867
0.25867
0.25867
0.25867
0.25867
0.25867
0.25867
0.25867
0.25867
0.25867
0.25867
0.25867
0.25867
0.25867
0.25867
0.25867
0.25867
0.25867
0.25867
0.25867
0.25867
0.25867
0.25867
0.25867
0.25867
0.25867
0.25867
0.25867
0.25867
0.25867
0.25867
0.25867
0.25867
0.25867
0.25867
0.25867
0.25867
0.25867
0.25867
0.25867
0.25867
0.25867
0.25867
0.25867
0.25867
0.25867
0.25867
0.25867
0.25867
0.25867
0.25867
0.25867
0.25867
0.25867
0.25867
0.25867
0.25867
0.25867
0.25867
0.25867
0.25867
0.25867
0.25867
0.25867
0.25867
0.25867
0.25867
0.25867
0.25867
0.25867
0.25867
0.25867
0.25867
0.25867
0.25867
0.25867
0.25867
0.25867
0.25867
0.25867
0.25867
0.25867
0.25867
0.25867
0.25867
0.25867
0.25867
0.25867
0.25867
0.25867
0.25867
0.25867
0.25867
0.25867
0.25867
0.25867
0.25867
0.25867
0.25867
0.25867
0.25867
0.25867
0.25867
0.25867
0.25867
0.25867
0.25867
0.25867
0.25867
0.25867
0.25867
0.25867
0.25867
0.25867
0.25867
0.25867
0.25867
0.25867
0.25867
0.25867
0.25867
0.25867
0.25867
0.25867
0.25867
0.25867
0.25867
0.25867
0.25867
0.25867
0.25867
0.25867
0.25867
0.25867
0.25867
0.25867
0.25867
0.25867
0.25867
0.25867
0.25867
0.25867
0.25867
0.25867
0.25867
0.25867
0.25867
0.25867
0.25867
0.25867
0.25867
0.25867
0.25867
0.25867
0.25867
0.25867
0.25867
0.25867
0.25867
0.25867
0.25867
0.25867
0.25867
0.25867
0.25867
0.25867
0.25867
0.25867
0.25867
0.25867
0.25867
0.25867
0.25867
0.25867
0.25867
0.25867
0.25867
0.25867
0.25867
0.25867
0.25867
0.25867
0.25867
0.25867
0.25867
0.25867
0.25867
0.25867
0.25867
0.25867
0.25867
0.25867
0.25867
0.25867
0.25867
0.25867
0.25867
0.25867
0.25867
0.25867
0.25867
0.25867
0.25867
0.25867
0.25867
0.25867
0.25867
0.25867
0.25867
0.25867
0.25867
0.25867
0.25867
0.25867
0.25867
0.25867
0.25867
0.25867
0.25867
0.25867
0.25867
0.25867
0.25867
0.25867
0.25867
0.25867
0.25867
0.25867
0.25867
0.25867
0.25867
0.25867
0.25867
0.25867
0.25867
0.25867
0.25867
0.25867
0.25867
0.25867
0.25867
0.25867
0.25867
0.25867
0.25867
0.25867
