0.39097
0.39097
0.39097
0.39097
0.39097
0.39097
0.39097
0.39097
0.39097
0.38293
0.38293
0.37798
0.37798
0.37133
0.37133
0.37133
0.37133
0.37133
0.37133
0.37133
0.37080
0.37080
0.37080
0.37080
0.37080
0.36796
0.36773
0.36773
0.36773
0.36773
0.36768
0.36768
0.36651
0.36651
0.36639
0.36601
0.36601
0.36601
0.36601
0.36570
0.36570
0.36570
0.36570
0.36503
0.36503
0.36503
0.36503
0.36503
0.36503
0.36503
0.36503
0.36503
0.36503
0.36503
0.36503
0.36503
0.36503
0.36500
0.36497
0.36497
0.36494
0.36494
0.36493
0.36493
0.36493
0.36492
0.36492
0.36484
0.36484
0.36484
0.36484
0.36484
0.36484
0.36484
0.36484
0.36484
0.36484
0.36483
0.36483
0.36483
0.36482
0.36482
0.36482
0.36482
0.36482
0.36482
0.36482
0.36481
0.36481
0.36481
0.36481
0.36481
0.36481
0.36481
0.36481
0.36481
0.36481
0.36481
0.36481
0.36481
0.36481
0.36480
0.36480
0.36480
0.36480
0.36480
0.36480
0.36479
0.36479
0.36479
0.36479
0.36479
0.36479
0.36479
0.36479
0.36479
0.36479
0.36479
0.36479
0.36479
0.36479
0.36479
0.36479
0.36479
0.36479
0.36479
0.36479
0.36479
0.36479
0.36479
0.36479
0.36479
0.36479
0.36479
0.36479
0.36479
0.36479
0.36479
0.36479
0.36479
0.36479
0.36479
0.36479
0.36479
0.36479
0.36479
0.36479
0.36479
0.36479
0.36479
0.36479
0.36479
0.36479
0.36479
0.36479
0.36479
0.36479
0.36479
0.36479
0.36479
0.36479
0.36479
0.36479
0.36479
0.36479
0.36479
0.36479
0.36479
0.36479
0.36479
0.36479
0.36479
0.36479
0.36479
0.36479
0.36479
0.36479
0.36479
0.36479
0.36479
0.36479
0.36479
0.36479
0.36479
0.36479
0.36479
0.36479
0.36479
0.36479
0.36479
0.36479
0.36479
0.36479
0.36479
0.36479
0.36479
0.36479
0.36479
0.36479
0.36479
0.36479
0.36479
0.36479
0.36479
0.36479
0.36479
0.36479
0.36479
0.36479
0.36479
0.36479
0.36479
0.36479
0.36479
0.36479
0.36479
0.36479
0.36479
0.36479
0.36479
0.36479
0.36479
0.36479
0.36479
0.36479
0.36479
0.36479
0.36479
0.36479
0.36479
0.36479
0.36479
0.36479
0.36479
0.36479
0.36479
0.36479
0.36479
0.36479
0.36479
0.36479
0.36479
0.36479
0.36479
0.36479
0.36479
0.36479
0.36479
0.36479
0.36479
0.36479
0.36479
0.36479
0.36479
0.36479
0.36479
0.36479
0.36479
0.36479
0.36479
0.36479
0.36479
0.36479
0.36479
0.36479
0.36479
0.36479
0.36479
0.36479
0.36479
0.36479
0.36479
0.36479
0.36479
0.36479
0.36479
0.36479
0.36479
0.36479
0.36479
0.36479
0.36479
0.36479
0.36479
0.36479
0.36479
0.36479
0.36479
0.36479
0.36479
0.36479
0.36479
0.36479
0.36479
0.36479
0.36479
0.36479
0.36479
0.36479
0.36479
0.36479
0.36479
0.36479
0.36479
0.36479
0.36479
0.36479
0.36479
0.36479
0.36479
0.36479
0.36479
0.36479
0.36479
0.36479
0.36479
0.36479
0.36479
0.36479
0.36479
0.36479
0.36479
0.36479
0.36479
0.36479
0.36479
0.36479
0.36479
0.36479
0.36479
0.36479
0.36479
0.36479
0.36479
0.36479
0.36479
0.36479
0.36479
0.36479
0.36479
0.36479
0.36479
0.36479
0.36479
0.36479
0.36479
0.36479
0.36479
0.36479
0.36479
0.36479
0.36479
0.36479
0.36479
0.36479
0.36479
0.36479
0.36479
0.36479
0.36479
0.36479
0.36479
0.36479
0.36479
0.36479
0.36479
0.36479
0.36479
0.36479
0.36479
0.36479
0.36479
0.36479
0.36479
0.36479
0.36479
0.36479
0.36479
0.36479
0.36479
0.36479
0.36479
0.36479
0.36479
0.36479
0.36479
0.36479
0.36479
0.36479
0.36479
0.36479
0.36479
0.36479
0.36479
0.36479
0.36479
0.36479
0.36479
0.36479
0.36479
0.36479
0.36479
0.36479
0.36479
0.36479
0.36479
0.36479
0.36479
0.36479
0.36479
0.36479
0.36479
0.36479
0.36479
0.36479
0.36479
0.36479
0.36479
0.36479
0.36479
0.36479
0.36479
0.36479
0.36479
0.36479
0.36479
0.36479
0.36479
0.36479
0.36479
0.36479
0.36479
0.36479
0.36479
0.36479
0.36479
0.36479
0.36479
0.36479
0.36479
0.36479
0.36479
0.36479
0.36479
0.36479
0.36479
0.36479
0.36479
0.36479
0.36479
0.36479
0.36479
0.36479
0.36479
0.36479
0.36479
0.36479
0.36479
0.36479
0.36479
0.36479
0.36479
0.36479
0.36479
0.36479
0.36479
0.36479
0.36479
0.36479
0.36479
0.36479
0.36479
0.36479
0.36479
0.36479
0.36479
0.36479
0.36479
0.36479
0.36479
0.36479
0.36479
0.36479
0.36479
0.36479
0.36479
0.36479
0.36479
0.36479
0.36479
0.36479
0.36479
0.36479
0.36479
0.36479
0.36479
0.36479
0.36479
0.36479
0.36479
