0.69278
0.69278
0.67411
0.60809
0.58885
0.58885
0.58885
0.52278
0.52278
0.52278
0.52278
0.51841
0.51841
0.51841
0.50697
0.50697
0.50697
0.50697
0.50363
0.50363
0.49786
0.49786
0.49232
0.48632
0.48632
0.47976
0.47976
0.47976
0.47976
0.47976
0.47976
0.47976
0.47976
0.47976
0.47976
0.47976
0.47976
0.47976
0.47976
0.47976
0.47976
0.47976
0.47976
0.47976
0.47976
0.47971
0.47952
0.47918
0.47918
0.47916
0.47916
0.47916
0.47916
0.47916
0.47916
0.47913
0.47913
0.47878
0.47878
0.47878
0.47878
0.47878
0.47878
0.47878
0.47878
0.47878
0.47871
0.47871
0.47871
0.47871
0.47871
0.47868
0.47868
0.47861
0.47861
0.47861
0.47861
0.47861
0.47861
0.47861
0.47861
0.47861
0.47861
0.47861
0.47858
0.47858
0.47857
0.47857
0.47857
0.47854
0.47850
0.47850
0.47850
0.47850
0.47850
0.47850
0.47846
0.47846
0.47846
0.47846
0.47846
0.47846
0.47846
0.47845
0.47845
0.47845
0.47842
0.47842
0.47842
0.47842
0.47842
0.47842
0.47842
0.47842
0.47842
0.47842
0.47842
0.47842
0.47842
0.47842
0.47842
0.47842
0.47842
0.47842
0.47842
0.47842
0.47842
0.47842
0.47842
0.47842
0.47842
0.47842
0.47842
0.47842
0.47842
0.47842
0.47842
0.47841
0.47841
0.47841
0.47841
0.47841
0.47841
0.47841
0.47841
0.47841
0.47841
0.47841
0.47841
0.47841
0.47841
0.47841
0.47841
0.47841
0.47841
0.47841
0.47841
0.47841
0.47841
0.47841
0.47841
0.47841
0.47841
0.47841
0.47841
0.47841
0.47841
0.47841
0.47841
0.47841
0.47841
0.47841
0.47841
0.47841
0.47841
0.47841
0.47841
0.47841
0.47841
0.47841
0.47841
0.47841
0.47841
0.47841
0.47841
0.47841
0.47841
0.47841
0.47841
0.47841
0.47841
0.47841
0.47841
0.47841
0.47841
0.47841
0.47841
0.47841
0.47841
0.47841
0.47841
0.47841
0.47841
0.47841
0.47841
0.47841
0.47841
0.47841
0.47841
0.47841
0.47841
0.47841
0.47841
0.47841
0.47841
0.47841
0.47841
0.47841
0.47841
0.47841
0.47841
0.47841
0.47841
0.47841
0.47841
0.47841
0.47841
0.47841
0.47841
0.47841
0.47841
0.47841
0.47841
0.47841
0.47841
0.47841
0.47841
0.47841
0.47841
0.47841
0.47841
0.47841
0.47841
0.47841
0.47841
0.47841
0.47841
0.47841
0.47841
0.47841
0.47841
0.47841
0.47841
0.47841
0.47841
0.47841
0.47841
0.47841
0.47841
0.47841
0.47841
0.47841
0.47841
0.47841
0.47841
0.47841
0.47841
0.47841
0.47841
0.47841
0.47841
0.47841
0.47841
0.47841
0.47841
0.47841
0.47841
0.47841
0.47841
0.47841
0.47841
0.47841
0.47841
0.47841
0.47841
0.47841
0.47841
0.47841
0.47841
0.47841
0.47841
0.47841
0.47841
0.47841
0.47841
0.47841
0.47841
0.47841
0.47841
0.47841
0.47841
0.47841
0.47841
0.47841
0.47841
0.47841
0.47841
0.47841
0.47841
0.47841
0.47841
0.47841
0.47841
0.47841
0.47841
0.47841
0.47841
0.47841
0.47841
0.47841
0.47841
0.47841
0.47841
0.47841
0.47841
0.47841
0.47841
0.47841
0.47841
0.47841
0.47841
0.47841
0.47841
0.47841
0.47841
0.47841
0.47841
0.47841
0.47841
0.47841
0.47841
0.47841
0.47841
0.47841
0.47841
0.47841
0.47841
0.47841
0.47841
0.47841
0.47841
0.47841
0.47841
0.47841
0.47841
0.47841
0.47841
0.47841
0.47841
0.47841
0.47841
0.47841
0.47841
0.47841
0.47841
0.47841
0.47841
0.47841
0.47841
0.47841
0.47841
0.47841
0.47841
0.47841
0.47841
0.47841
0.47841
0.47841
0.47841
0.47841
0.47841
0.47841
0.47841
0.47841
0.47841
0.47841
0.47841
0.47841
0.47841
0.47841
0.47841
0.47841
0.47841
0.47841
0.47841
0.47841
0.47841
0.47841
0.47841
0.47841
0.47841
0.47841
0.47841
0.47841
0.47841
0.47841
0.47841
0.47841
0.47841
0.47841
0.47841
0.47841
0.47841
0.47841
0.47841
0.47841
0.47841
0.47841
0.47841
0.47841
0.47841
0.47841
0.47841
0.47841
0.47841
0.47841
0.47841
0.47841
0.47841
0.47841
0.47841
0.47841
0.47841
0.47841
0.47841
0.47841
0.47841
0.47841
0.47841
0.47841
0.47841
0.47841
0.47841
0.47841
0.47841
0.47841
0.47841
0.47841
0.47841
0.47841
0.47841
0.47841
0.47841
0.47841
0.47841
0.47841
0.47841
0.47841
0.47841
0.47841
0.47841
0.47841
0.47841
0.47841
0.47841
0.47841
0.47841
0.47841
0.47841
0.47841
0.47841
0.47841
0.47841
0.47841
0.47841
0.47841
0.47841
0.47841
0.47841
0.47841
0.47841
0.47841
0.47841
0.47841
0.47841
0.47841
0.47841
0.47841
0.47841
0.47841
0.47841
0.47841
0.47841
0.47841
0.47841
0.47841
0.47841
0.47841
0.47841
0.47841
