0.90624
0.82008
0.76782
0.76782
0.76782
0.69346
0.69346
0.66733
0.66280
0.65614
0.65614
0.65109
0.64792
0.64792
0.62493
0.62493
0.62493
0.62343
0.62343
0.62343
0.62343
0.61977
0.61977
0.61977
0.61921
0.61808
0.61706
0.61706
0.61201
0.61201
0.61201
0.61201
0.61178
0.61094
0.60930
0.60878
0.60788
0.60788
0.60788
0.60788
0.60788
0.60788
0.60788
0.60751
0.60751
0.60751
0.60751
0.60751
0.60717
0.60717
0.60717
0.60717
0.60717
0.60717
0.60717
0.60717
0.60717
0.60717
0.60717
0.60717
0.60717
0.60714
0.60714
0.60714
0.60714
0.60714
0.60714
0.60714
0.60714
0.60714
0.60713
0.60713
0.60712
0.60711
0.60711
0.60711
0.60710
0.60710
0.60710
0.60710
0.60710
0.60710
0.60710
0.60710
0.60710
0.60710
0.60710
0.60710
0.60710
0.60710
0.60710
0.60710
0.60709
0.60709
0.60708
0.60708
0.60708
0.60708
0.60708
0.60708
0.60708
0.60708
0.60708
0.60708
0.60707
0.60707
0.60707
0.60707
0.60707
0.60707
0.60707
0.60707
0.60707
0.60707
0.60707
0.60707
0.60707
0.60707
0.60707
0.60707
0.60707
0.60707
0.60707
0.60707
0.60707
0.60707
0.60707
0.60707
0.60707
0.60707
0.60707
0.60707
0.60707
0.60707
0.60707
0.60707
0.60707
0.60707
0.60707
0.60707
0.60707
0.60707
0.60707
0.60707
0.60707
0.60707
0.60707
0.60707
0.60707
0.60707
0.60707
0.60707
0.60707
0.60707
0.60707
0.60707
0.60707
0.60707
0.60707
0.60707
0.60707
0.60707
0.60707
0.60707
0.60707
0.60707
0.60707
0.60707
0.60707
0.60707
0.60707
0.60707
0.60707
0.60707
0.60707
0.60707
0.60707
0.60707
0.60707
0.60707
0.60707
0.60707
0.60707
0.60707
0.60707
0.60707
0.60707
0.60707
0.60707
0.60707
0.60707
0.60707
0.60707
0.60707
0.60707
0.60707
0.60707
0.60707
0.60707
0.60707
0.60707
0.60707
0.60707
0.60707
0.60707
0.60707
0.60707
0.60707
0.60707
0.60707
0.60707
0.60707
0.60707
0.60707
0.60707
0.60707
0.60707
0.60707
0.60707
0.60707
0.60707
0.60707
0.60707
0.60707
0.60707
0.60707
0.60707
0.60707
0.60707
0.60707
0.60707
0.60707
0.60707
0.60707
0.60707
0.60707
0.60707
0.60707
0.60707
0.60707
0.60707
0.60707
0.60707
0.60707
0.60707
0.60707
0.60707
0.60707
0.60707
0.60707
0.60707
0.60707
0.60707
0.60707
0.60707
0.60707
0.60707
0.60707
0.60707
0.60707
0.60707
0.60707
0.60707
0.60707
0.60707
0.60707
0.60707
0.60707
0.60707
0.60707
0.60707
0.60707
0.60707
0.60707
0.60707
0.60707
0.60707
0.60707
0.60707
0.60707
0.60707
0.60707
0.60707
0.60707
0.60707
0.60707
0.60707
0.60707
0.60707
0.60707
0.60707
0.60707
0.60707
0.60707
0.60707
0.60707
0.60707
0.60707
0.60707
0.60707
0.60707
0.60707
0.60707
0.60707
0.60707
0.60707
0.60707
0.60707
0.60707
0.60707
0.60707
0.60707
0.60707
0.60707
0.60707
0.60707
0.60707
0.60707
0.60707
0.60707
0.60707
0.60707
0.60707
0.60707
0.60707
0.60707
0.60707
0.60707
0.60707
0.60707
0.60707
0.60707
0.60707
0.60707
0.60707
0.60707
0.60707
0.60707
0.60707
0.60707
0.60707
0.60707
0.60707
0.60707
0.60707
0.60707
0.60707
0.60707
0.60707
0.60707
0.60707
0.60707
0.60707
0.60707
0.60707
0.60707
0.60707
0.60707
0.60707
0.60707
0.60707
0.60707
0.60707
0.60707
0.60707
0.60707
0.60707
0.60707
0.60707
0.60707
0.60707
0.60707
0.60707
0.60707
0.60707
0.60707
0.60707
0.60707
0.60707
0.60707
0.60707
0.60707
0.60707
0.60707
0.60707
0.60707
0.60707
0.60707
0.60707
0.60707
0.60707
0.60707
0.60707
0.60707
0.60707
0.60707
0.60707
0.60707
0.60707
0.60707
0.60707
0.60707
0.60707
0.60707
0.60707
0.60707
0.60707
0.60707
0.60707
0.60707
0.60707
0.60707
0.60707
0.60707
0.60707
0.60707
0.60707
0.60707
0.60707
0.60707
0.60707
0.60707
0.60707
0.60707
0.60707
0.60707
0.60707
0.60707
0.60707
0.60707
0.60707
0.60707
0.60707
0.60707
0.60707
0.60707
0.60707
0.60707
0.60707
0.60707
0.60707
0.60707
0.60707
0.60707
0.60707
0.60707
0.60707
0.60707
0.60707
0.60707
0.60707
0.60707
0.60707
0.60707
0.60707
0.60707
0.60707
0.60707
0.60707
0.60707
0.60707
0.60707
0.60707
0.60707
0.60707
0.60707
0.60707
0.60707
0.60707
0.60707
0.60707
0.60707
0.60707
0.60707
0.60707
0.60707
0.60707
0.60707
0.60707
0.60707
0.60707
0.60707
0.60707
0.60707
0.60707
0.60707
0.60707
0.60707
0.60707
0.60707
0.60707
0.60707
0.60707
0.60707
0.60707
0.60707
0.60707
0.60707
0.60707
0.60707
