0.99104
0.99104
0.87311
0.87311
0.87311
0.87311
0.86428
0.86428
0.86428
0.86428
0.86428
0.86428
0.86428
0.81074
0.81074
0.81013
0.81013
0.80298
0.80298
0.79528
0.79528
0.77311
0.77311
0.77311
0.77311
0.77311
0.77311
0.77043
0.77043
0.77043
0.77043
0.77043
0.76770
0.76770
0.76698
0.76698
0.76477
0.76477
0.76477
0.76477
0.76369
0.76369
0.76369
0.75867
0.75867
0.75539
0.75539
0.75539
0.75539
0.75539
0.75539
0.75539
0.75539
0.75539
0.75539
0.75423
0.75423
0.75423
0.75423
0.75423
0.75423
0.75423
0.75423
0.75407
0.75379
0.75379
0.75379
0.75379
0.75379
0.75379
0.75379
0.75379
0.75379
0.75379
0.75379
0.75375
0.75375
0.75372
0.75372
0.75372
0.75372
0.75372
0.75372
0.75371
0.75371
0.75371
0.75371
0.75369
0.75369
0.75369
0.75369
0.75369
0.75368
0.75368
0.75368
0.75368
0.75368
0.75368
0.75367
0.75367
0.75367
0.75367
0.75367
0.75367
0.75367
0.75367
0.75367
0.75367
0.75367
0.75367
0.75367
0.75367
0.75367
0.75367
0.75367
0.75367
0.75367
0.75367
0.75367
0.75367
0.75367
0.75367
0.75367
0.75367
0.75367
0.75367
0.75367
0.75367
0.75367
0.75367
0.75367
0.75367
0.75367
0.75367
0.75367
0.75367
0.75367
0.75367
0.75367
0.75367
0.75367
0.75367
0.75367
0.75367
0.75367
0.75367
0.75367
0.75367
0.75367
0.75367
0.75367
0.75367
0.75367
0.75367
0.75367
0.75367
0.75367
0.75367
0.75367
0.75367
0.75367
0.75367
0.75367
0.75367
0.75367
0.75367
0.75367
0.75367
0.75367
0.75367
0.75367
0.75367
0.75367
0.75367
0.75367
0.75367
0.75367
0.75367
0.75367
0.75367
0.75367
0.75367
0.75367
0.75367
0.75367
0.75367
0.75367
0.75367
0.75367
0.75367
0.75367
0.75367
0.75367
0.75367
0.75367
0.75367
0.75367
0.75367
0.75367
0.75367
0.75367
0.75367
0.75367
0.75367
0.75367
0.75367
0.75367
0.75367
0.75367
0.75367
0.75367
0.75367
0.75367
0.75367
0.75367
0.75367
0.75367
0.75367
0.75367
0.75367
0.75367
0.75367
0.75367
0.75367
0.75367
0.75367
0.75367
0.75367
0.75367
0.75367
0.75367
0.75367
0.75367
0.75367
0.75367
0.75367
0.75367
0.75367
0.75367
0.75367
0.75367
0.75367
0.75367
0.75367
0.75367
0.75367
0.75367
0.75367
0.75367
0.75367
0.75367
0.75367
0.75367
0.75367
0.75367
0.75367
0.75367
0.75367
0.75367
0.75367
0.75367
0.75367
0.75367
0.75367
0.75367
0.75367
0.75364
0.75364
0.75364
0.75364
0.75364
0.75364
0.75363
0.75362
0.75362
0.75362
0.75362
0.75362
0.75362
0.75362
0.75362
0.75362
0.75362
0.75362
0.75362
0.75361
0.75361
0.75361
0.75361
0.75361
0.75361
0.75361
0.75361
0.75361
0.75361
0.75361
0.75361
0.75361
0.75361
0.75361
0.75361
0.75361
0.75361
0.75361
0.75361
0.75361
0.75361
0.75361
0.75361
0.75361
0.75361
0.75361
0.75361
0.75361
0.75361
0.75361
0.75361
0.75361
0.75361
0.75361
0.75361
0.75361
0.75361
0.75361
0.75361
0.75361
0.75361
0.75361
0.75361
0.75361
0.75361
0.75361
0.75361
0.75361
0.75361
0.75361
0.75361
0.75361
0.75361
0.75361
0.75361
0.75361
0.75361
0.75361
0.75361
0.75361
0.75361
0.75361
0.75361
0.75361
0.75361
0.75361
0.75361
0.75361
0.75361
0.75361
0.75361
0.75361
0.75361
0.75361
0.75361
0.75361
0.75361
0.75361
0.75361
0.75361
0.75361
0.75361
0.75361
0.75361
0.75360
0.75360
0.75360
0.75360
0.75360
0.75360
0.75360
0.75360
0.75360
0.75360
0.75360
0.75360
0.75360
0.75360
0.75360
0.75360
0.75360
0.75360
0.75360
0.75360
0.75360
0.75360
0.75360
0.75360
0.75360
0.75360
0.75360
0.75360
0.75360
0.75360
0.75360
0.75360
0.75360
0.75360
0.75360
0.75360
0.75360
0.75360
0.75360
0.75360
0.75360
0.75360
0.75360
0.75360
0.75360
0.75360
0.75360
0.75360
0.75360
0.75360
0.75360
0.75360
0.75360
0.75360
0.75360
0.75360
0.75360
0.75360
0.75360
0.75360
0.75360
0.75360
0.75360
0.75360
0.75360
0.75360
0.75360
0.75360
0.75360
0.75360
0.75360
0.75360
0.75360
0.75360
0.75360
0.75360
0.75360
0.75360
0.75360
0.75360
0.75360
0.75360
0.75360
0.75360
0.75360
0.75360
0.75360
0.75360
0.75360
0.75360
0.75360
0.75360
0.75360
0.75360
0.75360
0.75360
0.75360
0.75360
0.75360
0.75360
0.75360
0.75360
0.75360
0.75360
0.75360
0.75360
0.75360
0.75360
0.75360
0.75360
0.75360
0.75360
0.75360
0.75360
0.75360
0.75360
0.75360
0.75360
0.75360
0.75360
0.75360
0.75360
0.75360
0.75360
0.75360
0.75360
0.75360
0.75360
0.75360
0.75360
