1.65405
1.65405
1.60019
1.50254
1.47714
1.47714
1.47714
1.47714
1.40920
1.40920
1.40920
1.40920
1.40920
1.39595
1.36844
1.34293
1.33350
1.33350
1.33350
1.33350
1.33350
1.33350
1.33350
1.32387
1.32387
1.32387
1.32387
1.32387
1.32387
1.32387
1.32142
1.32142
1.32142
1.32142
1.32142
1.31793
1.31793
1.31793
1.31793
1.31793
1.31793
1.31740
1.31740
1.31651
1.31651
1.31651
1.31631
1.31588
1.31435
1.31435
1.31341
1.31341
1.31341
1.31341
1.31341
1.31341
1.31341
1.31341
1.31321
1.31321
1.31321
1.31321
1.31321
1.31321
1.31321
1.31321
1.31318
1.31318
1.31318
1.31272
1.31272
1.31272
1.31272
1.31272
1.31272
1.31272
1.31245
1.31245
1.31245
1.31245
1.31245
1.31245
1.31245
1.31245
1.31245
1.31234
1.31234
1.31234
1.31234
1.31234
1.31234
1.31234
1.31234
1.31233
1.31233
1.31233
1.31233
1.31233
1.31233
1.31233
1.31233
1.31233
1.31233
1.31233
1.31233
1.31231
1.31231
1.31231
1.31230
1.31230
1.31230
1.31230
1.31230
1.31229
1.31229
1.31229
1.31228
1.31228
1.31228
1.31228
1.31228
1.31228
1.31228
1.31228
1.31228
1.31228
1.31228
1.31228
1.31228
1.31228
1.31228
1.31228
1.31228
1.31228
1.31228
1.31228
1.31228
1.31228
1.31228
1.31228
1.31228
1.31228
1.31228
1.31228
1.31228
1.31228
1.31228
1.31228
1.31228
1.31228
1.31228
1.31228
1.31228
1.31228
1.31228
1.31228
1.31228
1.31228
1.31228
1.31228
1.31228
1.31228
1.31228
1.31228
1.31228
1.31228
1.31228
1.31228
1.31228
1.31228
1.31228
1.31228
1.31228
1.31228
1.31228
1.31228
1.31228
1.31228
1.31228
1.31228
1.31228
1.31228
1.31228
1.31228
1.31228
1.31228
1.31228
1.31228
1.31228
1.31228
1.31228
1.31228
1.31228
1.31228
1.31228
1.31228
1.31228
1.31228
1.31228
1.31228
1.31228
1.31228
1.31228
1.31228
1.31228
1.31228
1.31228
1.31228
1.31228
1.31228
1.31228
1.31228
1.31228
1.31228
1.31228
1.31228
1.31228
1.31228
1.31228
1.31228
1.31228
1.31228
1.31228
1.31228
1.31228
1.31228
1.31228
1.31228
1.31228
1.31228
1.31228
1.31228
1.31228
1.31228
1.31228
1.31228
1.31228
1.31228
1.31228
1.31228
1.31228
1.31228
1.31228
1.31228
1.31228
1.31228
1.31228
1.31228
1.31228
1.31228
1.31228
1.31228
1.31228
1.31228
1.31228
1.31228
1.31228
1.31228
1.31228
1.31228
1.31228
1.31228
1.31228
1.31228
1.31228
1.31228
1.31228
1.31228
1.31228
1.31228
1.31228
1.31228
1.31228
1.31228
1.31228
1.31228
1.31228
1.31228
1.31228
1.31228
1.31228
1.31228
1.31228
1.31228
1.31228
1.31228
1.31228
1.31228
1.31228
1.31228
1.31228
1.31228
1.31228
1.31228
1.31228
1.31228
1.31228
1.31228
1.31228
1.31228
1.31228
1.31228
1.31228
1.31228
1.31228
1.31228
1.31228
1.31228
1.31228
1.31228
1.31228
1.31228
1.31228
1.31228
1.31228
1.31228
1.31228
1.31228
1.31228
1.31228
1.31228
1.31228
1.31228
1.31228
1.31228
1.31228
1.31228
1.31228
1.31228
1.31228
1.31228
1.31228
1.31228
1.31228
1.31228
1.31228
1.31228
1.31228
1.31228
1.31228
1.31228
1.31228
1.31228
1.31228
1.31228
1.31228
1.31228
1.31228
1.31228
1.31228
1.31228
1.31228
1.31228
1.31228
1.31228
1.31228
1.31228
1.31228
1.31228
1.31228
1.31228
1.31228
1.31228
1.31228
1.31228
1.31228
1.31228
1.31228
1.31228
1.31228
1.31228
1.31228
1.31228
1.31228
1.31228
1.31228
1.31228
1.31228
1.31228
1.31228
1.31228
1.31228
1.31228
1.31228
1.31228
1.31228
1.31228
1.31228
1.31228
1.31228
1.31228
1.31228
1.31228
1.31228
1.31228
1.31228
1.31228
1.31228
1.31228
1.31228
1.31228
1.31228
1.31228
1.31228
1.31228
1.31228
1.31228
1.31228
1.31228
1.31228
1.31228
1.31228
1.31228
1.31228
1.31228
1.31228
1.31228
1.31228
1.31228
1.31228
1.31228
1.31228
1.31228
1.31228
1.31228
1.31228
1.31228
1.31228
1.31228
1.31228
1.31228
1.31228
1.31228
1.31228
1.31228
1.31228
1.31228
1.31228
1.31228
1.31228
1.31228
1.31228
1.31228
1.31228
1.31228
1.31228
1.31228
1.31228
1.31228
1.31228
1.31228
1.31228
1.31228
1.31228
1.31228
1.31228
1.31228
1.31228
1.31228
1.31228
1.31228
1.31228
1.31228
1.31228
1.31228
1.31228
1.31228
1.31228
1.31228
1.31228
1.31228
1.31228
1.31228
1.31228
1.31228
1.31228
1.31228
1.31228
1.31228
1.31228
1.31228
1.31228
1.31228
1.31228
1.31228
1.31228
1.31228
1.31228
1.31228
1.31228
1.31228
1.31228
1.31228
1.31228
1.31228
1.31228
1.31228
1.31228
1.31228
1.31228
