1.29910
1.29910
1.27264
1.27264
1.27264
1.27264
1.22446
1.17260
1.15917
1.15917
1.15917
1.15917
1.15917
1.15917
1.15917
1.15917
1.15579
1.15319
1.15319
1.15001
1.14652
1.14433
1.14295
1.14206
1.14148
1.14100
1.13963
1.13963
1.13963
1.13963
1.13963
1.13963
1.13963
1.13963
1.13963
1.13963
1.13963
1.13963
1.13963
1.13935
1.13935
1.13919
1.13764
1.13274
1.13249
1.13248
1.12776
1.12649
1.12558
1.12558
1.11932
1.11932
1.11885
1.11885
1.11885
1.11885
1.11885
1.11885
1.11885
1.11850
1.11850
1.11620
1.11620
1.11620
1.11620
1.11620
1.11596
1.11596
1.11523
1.11523
1.11523
1.11523
1.11523
1.11523
1.11449
1.11449
1.11449
1.11449
1.11449
1.11443
1.11443
1.11419
1.11419
1.11416
1.11416
1.11408
1.11408
1.11402
1.11402
1.11402
1.11401
1.11398
1.11398
1.11396
1.11394
1.11394
1.11394
1.11394
1.11394
1.11393
1.11393
1.11393
1.11393
1.11393
1.11393
1.11392
1.11392
1.11392
1.11392
1.11392
1.11392
1.11392
1.11392
1.11392
1.11392
1.11392
1.11392
1.11392
1.11392
1.11392
1.11392
1.11392
1.11392
1.11392
1.11392
1.11392
1.11392
1.11392
1.11392
1.11392
1.11392
1.11392
1.11392
1.11392
1.11392
1.11392
1.11392
1.11392
1.11392
1.11392
1.11392
1.11392
1.11392
1.11392
1.11392
1.11392
1.11392
1.11392
1.11392
1.11392
1.11392
1.11392
1.11392
1.11392
1.11392
1.11392
1.11392
1.11392
1.11392
1.11392
1.11392
1.11392
1.11392
1.11392
1.11392
1.11392
1.11392
1.11392
1.11392
1.11392
1.11392
1.11392
1.11392
1.11392
1.11392
1.11392
1.11392
1.11392
1.11392
1.11392
1.11392
1.11392
1.11392
1.11392
1.11392
1.11392
1.11392
1.11392
1.11392
1.11392
1.11392
1.11392
1.11392
1.11392
1.11392
1.11392
1.11392
1.11392
1.11392
1.11392
1.11392
1.11392
1.11392
1.11392
1.11392
1.11392
1.11392
1.11392
1.11392
1.11392
1.11392
1.11392
1.11392
1.11392
1.11392
1.11392
1.11392
1.11392
1.11392
1.11392
1.11392
1.11392
1.11392
1.11392
1.11392
1.11392
1.11392
1.11392
1.11392
1.11392
1.11392
1.11392
1.11392
1.11392
1.11392
1.11392
1.11392
1.11392
1.11392
1.11392
1.11392
1.11392
1.11392
1.11392
1.11392
1.11392
1.11392
1.11392
1.11392
1.11392
1.11392
1.11392
1.11392
1.11392
1.11392
1.11392
1.11392
1.11392
1.11392
1.11392
1.11392
1.11392
1.11392
1.11392
1.11392
1.11392
1.11392
1.11392
1.11392
1.11392
1.11392
1.11392
1.11392
1.11392
1.11392
1.11392
1.11392
1.11392
1.11392
1.11392
1.11392
1.11392
1.11392
1.11392
1.11392
1.11392
1.11392
1.11392
1.11392
1.11392
1.11392
1.11392
1.11392
1.11392
1.11392
1.11392
1.11392
1.11392
1.11392
1.11392
1.11392
1.11392
1.11392
1.11392
1.11392
1.11392
1.11392
1.11392
1.11392
1.11392
1.11392
1.11392
1.11392
1.11392
1.11392
1.11392
1.11392
1.11392
1.11392
1.11392
1.11392
1.11392
1.11391
1.11391
1.11391
1.11391
1.11391
1.11391
1.11391
1.11391
1.11391
1.11391
1.11391
1.11391
1.11391
1.11391
1.11391
1.11391
1.11391
1.11391
1.11391
1.11391
1.11391
1.11391
1.11391
1.11391
1.11391
1.11391
1.11391
1.11391
1.11391
1.11391
1.11391
1.11391
1.11391
1.11391
1.11391
1.11391
1.11391
1.11391
1.11391
1.11391
1.11391
1.11391
1.11391
1.11391
1.11391
1.11391
1.11391
1.11391
1.11391
1.11391
1.11391
1.11391
1.11391
1.11391
1.11391
1.11391
1.11391
1.11391
1.11391
1.11391
1.11391
1.11391
1.11391
1.11391
1.11391
1.11391
1.11391
1.11391
1.11391
1.11391
1.11391
1.11391
1.11391
1.11391
1.11391
1.11391
1.11391
1.11391
1.11391
1.11391
1.11391
1.11391
1.11391
1.11391
1.11391
1.11391
1.11391
1.11391
1.11391
1.11391
1.11391
1.11391
1.11391
1.11391
1.11391
1.11391
1.11391
1.11391
1.11391
1.11391
1.11391
1.11391
1.11391
1.11391
1.11391
1.11391
1.11391
1.11391
1.11391
1.11391
1.11391
1.11391
1.11391
1.11391
1.11391
1.11391
1.11391
1.11391
1.11391
1.11391
1.11391
1.11391
1.11391
1.11391
1.11391
1.11391
1.11391
1.11391
1.11391
1.11391
1.11391
1.11391
1.11391
1.11391
1.11391
1.11391
1.11391
1.11391
1.11391
1.11391
1.11391
1.11391
1.11391
1.11391
1.11391
1.11391
1.11391
1.11391
1.11391
1.11391
1.11391
1.11391
1.11391
1.11391
1.11391
1.11391
1.11391
1.11391
1.11391
1.11391
1.11391
1.11391
1.11391
1.11391
1.11391
1.11391
1.11391
1.11391
1.11391
1.11391
1.11391
1.11391
1.11391
1.11391
1.11391
1.11391
1.11391
1.11391
