1.58874
1.38251
1.38251
1.38251
1.38251
1.38251
1.38251
1.38251
1.38251
1.38251
1.38251
1.38251
1.38251
1.38251
1.38251
1.37080
1.37080
1.37080
1.37080
1.36163
1.35213
1.34549
1.34084
1.34084
1.34084
1.34084
1.34084
1.34084
1.34084
1.34084
1.34084
1.34014
1.34014
1.34014
1.34014
1.33976
1.33976
1.33976
1.33976
1.33976
1.33976
1.33976
1.33976
1.33976
1.33976
1.33976
1.33976
1.33976
1.33976
1.33967
1.33815
1.33774
1.33774
1.33774
1.33768
1.33768
1.33768
1.33768
1.33765
1.33765
1.33751
1.33717
1.33717
1.33717
1.33717
1.33716
1.33709
1.33709
1.33708
1.33706
1.33706
1.33706
1.33705
1.33705
1.33703
1.33683
1.33683
1.33683
1.33683
1.33683
1.33683
1.33681
1.33681
1.33680
1.33678
1.33676
1.33675
1.33674
1.33674
1.33673
1.33672
1.33672
1.33672
1.33671
1.33671
1.33671
1.33671
1.33671
1.33671
1.33671
1.33671
1.33671
1.33668
1.33667
1.33664
1.33664
1.33663
1.33663
1.33663
1.33663
1.33663
1.33663
1.33663
1.33663
1.33663
1.33663
1.33663
1.33663
1.33663
1.33663
1.33662
1.33662
1.33662
1.33662
1.33662
1.33662
1.33662
1.33662
1.33662
1.33662
1.33662
1.33662
1.33662
1.33662
1.33662
1.33662
1.33662
1.33662
1.33662
1.33662
1.33662
1.33662
1.33662
1.33662
1.33662
1.33662
1.33662
1.33662
1.33662
1.33662
1.33662
1.33662
1.33662
1.33662
1.33662
1.33662
1.33662
1.33662
1.33662
1.33662
1.33662
1.33662
1.33662
1.33662
1.33662
1.33662
1.33662
1.33662
1.33662
1.33662
1.33662
1.33662
1.33662
1.33662
1.33662
1.33662
1.33662
1.33662
1.33662
1.33662
1.33662
1.33662
1.33662
1.33662
1.33662
1.33662
1.33662
1.33662
1.33662
1.33662
1.33662
1.33662
1.33662
1.33662
1.33662
1.33662
1.33662
1.33662
1.33662
1.33662
1.33662
1.33662
1.33662
1.33662
1.33662
1.33662
1.33662
1.33662
1.33662
1.33662
1.33662
1.33662
1.33662
1.33662
1.33662
1.33662
1.33662
1.33662
1.33662
1.33662
1.33662
1.33662
1.33662
1.33662
1.33662
1.33662
1.33662
1.33662
1.33662
1.33662
1.33662
1.33662
1.33662
1.33662
1.33662
1.33662
1.33662
1.33662
1.33662
1.33662
1.33662
1.33662
1.33662
1.33662
1.33662
1.33662
1.33662
1.33662
1.33662
1.33662
1.33662
1.33662
1.33662
1.33662
1.33662
1.33662
1.33662
1.33662
1.33662
1.33662
1.33662
1.33662
1.33662
1.33662
1.33662
1.33662
1.33662
1.33662
1.33662
1.33662
1.33662
1.33662
1.33662
1.33662
1.33662
1.33662
1.33662
1.33662
1.33662
1.33662
1.33662
1.33662
1.33662
1.33662
1.33662
1.33662
1.33662
1.33662
1.33662
1.33662
1.33662
1.33662
1.33662
1.33662
1.33662
1.33662
1.33662
1.33662
1.33662
1.33662
1.33662
1.33662
1.33662
1.33662
1.33662
1.33662
1.33662
1.33662
1.33662
1.33662
1.33662
1.33662
1.33662
1.33662
1.33662
1.33662
1.33662
1.33662
1.33662
1.33662
1.33662
1.33662
1.33662
1.33662
1.33662
1.33662
1.33662
1.33662
1.33662
1.33662
1.33662
1.33662
1.33662
1.33662
1.33662
1.33662
1.33662
1.33662
1.33662
1.33662
1.33662
1.33662
1.33662
1.33662
1.33662
1.33662
1.33662
1.33662
1.33662
1.33662
1.33662
1.33662
1.33662
1.33662
1.33662
1.33662
1.33662
1.33662
1.33662
1.33662
1.33662
1.33662
1.33662
1.33662
1.33662
1.33662
1.33662
1.33662
1.33662
1.33662
1.33662
1.33662
1.33662
1.33662
1.33662
1.33662
1.33662
1.33662
1.33662
1.33662
1.33662
1.33662
1.33662
1.33662
1.33662
1.33662
1.33662
1.33662
1.33662
1.33662
1.33662
1.33662
1.33662
1.33662
1.33662
1.33662
1.33662
1.33662
1.33662
1.33662
1.33662
1.33662
1.33662
1.33662
1.33662
1.33662
1.33662
1.33662
1.33662
1.33662
1.33662
1.33662
1.33662
1.33662
1.33662
1.33662
1.33662
1.33662
1.33662
1.33662
1.33662
1.33662
1.33662
1.33662
1.33662
1.33662
1.33662
1.33662
1.33662
1.33662
1.33662
1.33662
1.33662
1.33662
1.33662
1.33662
1.33662
1.33662
1.33662
1.33662
1.33662
1.33662
1.33662
1.33662
1.33662
1.33662
1.33662
1.33662
1.33662
1.33662
1.33662
1.33662
1.33662
1.33662
1.33662
1.33662
1.33662
1.33662
1.33662
1.33662
1.33662
1.33662
1.33662
1.33662
1.33662
1.33662
1.33662
1.33662
1.33662
1.33662
1.33662
1.33662
1.33662
1.33662
1.33662
1.33662
1.33662
1.33662
1.33662
1.33662
1.33662
1.33662
1.33662
1.33662
1.33662
1.33662
1.33662
1.33662
1.33662
1.33662
1.33662
1.33662
1.33662
1.33662
1.33662
1.33662
1.33662
1.33662
1.33662
1.33662
