1.89315
1.89315
1.89315
1.84849
1.84849
1.84849
1.82087
1.68026
1.67827
1.67827
1.67827
1.67827
1.64932
1.64932
1.62228
1.62228
1.62228
1.62228
1.62029
1.61704
1.61704
1.61704
1.61704
1.61704
1.60078
1.60078
1.59784
1.59784
1.59784
1.59784
1.59784
1.59784
1.59784
1.59784
1.59784
1.59784
1.59784
1.59784
1.59784
1.59784
1.59784
1.59734
1.59734
1.59711
1.59711
1.59711
1.59711
1.59711
1.59711
1.59711
1.59711
1.59711
1.59711
1.59660
1.59660
1.59616
1.59616
1.59616
1.59561
1.59561
1.59463
1.59393
1.59361
1.59244
1.59118
1.59075
1.59009
1.58966
1.58938
1.58870
1.58857
1.58857
1.58857
1.58778
1.58778
1.58754
1.58729
1.58702
1.58702
1.58702
1.58695
1.58679
1.58679
1.58679
1.58679
1.58679
1.58679
1.58679
1.58679
1.58679
1.58679
1.58679
1.58679
1.58676
1.58676
1.58676
1.58676
1.58676
1.58676
1.58676
1.58676
1.58676
1.58676
1.58675
1.58675
1.58675
1.58675
1.58675
1.58675
1.58675
1.58664
1.58664
1.58650
1.58650
1.58650
1.58650
1.58630
1.58627
1.58608
1.58608
1.58608
1.58607
1.58599
1.58586
1.58586
1.58586
1.58585
1.58580
1.58574
1.58570
1.58570
1.58570
1.58561
1.58554
1.58547
1.58547
1.58541
1.58541
1.58540
1.58540
1.58540
1.58538
1.58538
1.58538
1.58538
1.58537
1.58532
1.58532
1.58532
1.58532
1.58532
1.58531
1.58531
1.58531
1.58531
1.58531
1.58531
1.58531
1.58531
1.58531
1.58531
1.58531
1.58531
1.58531
1.58531
1.58531
1.58530
1.58530
1.58530
1.58530
1.58530
1.58530
1.58530
1.58530
1.58530
1.58530
1.58530
1.58530
1.58530
1.58530
1.58530
1.58530
1.58530
1.58530
1.58530
1.58530
1.58530
1.58530
1.58530
1.58530
1.58530
1.58530
1.58530
1.58530
1.58530
1.58530
1.58530
1.58530
1.58530
1.58530
1.58530
1.58530
1.58530
1.58530
1.58530
1.58530
1.58530
1.58530
1.58530
1.58530
1.58530
1.58530
1.58530
1.58530
1.58530
1.58530
1.58530
1.58530
1.58530
1.58530
1.58529
1.58529
1.58528
1.58528
1.58528
1.58528
1.58528
1.58528
1.58528
1.58528
1.58528
1.58528
1.58528
1.58528
1.58528
1.58528
1.58528
1.58528
1.58528
1.58528
1.58528
1.58528
1.58528
1.58528
1.58528
1.58528
1.58528
1.58528
1.58528
1.58528
1.58528
1.58528
1.58528
1.58528
1.58528
1.58528
1.58528
1.58528
1.58528
1.58528
1.58528
1.58528
1.58528
1.58528
1.58528
1.58528
1.58528
1.58528
1.58528
1.58528
1.58528
1.58528
1.58528
1.58528
1.58528
1.58528
1.58528
1.58528
1.58528
1.58528
1.58528
1.58528
1.58528
1.58528
1.58528
1.58528
1.58528
1.58528
1.58528
1.58528
1.58528
1.58528
1.58528
1.58528
1.58528
1.58528
1.58528
1.58528
1.58528
1.58528
1.58528
1.58528
1.58528
1.58528
1.58528
1.58528
1.58528
1.58528
1.58528
1.58528
1.58528
1.58528
1.58528
1.58528
1.58528
1.58528
1.58528
1.58528
1.58528
1.58528
1.58528
1.58528
1.58528
1.58528
1.58528
1.58528
1.58528
1.58528
1.58528
1.58528
1.58528
1.58528
1.58528
1.58528
1.58528
1.58528
1.58528
1.58528
1.58528
1.58528
1.58528
1.58528
1.58528
1.58528
1.58528
1.58528
1.58528
1.58528
1.58528
1.58528
1.58528
1.58528
1.58528
1.58528
1.58528
1.58528
1.58528
1.58528
1.58528
1.58528
1.58528
1.58528
1.58528
1.58528
1.58528
1.58528
1.58528
1.58528
1.58528
1.58528
1.58528
1.58528
1.58528
1.58528
1.58528
1.58528
1.58528
1.58528
1.58528
1.58528
1.58528
1.58528
1.58528
1.58528
1.58528
1.58528
1.58528
1.58528
1.58528
1.58528
1.58528
1.58528
1.58528
1.58528
1.58528
1.58528
1.58528
1.58528
1.58528
1.58528
1.58528
1.58528
1.58528
1.58528
1.58528
1.58528
1.58528
1.58528
1.58528
1.58528
1.58528
1.58528
1.58528
1.58528
1.58528
1.58528
1.58528
1.58528
1.58528
1.58528
1.58528
1.58528
1.58528
1.58528
1.58528
1.58528
1.58528
1.58528
1.58528
1.58528
1.58528
1.58528
1.58528
1.58528
1.58528
1.58528
1.58528
1.58528
1.58528
1.58528
1.58528
1.58528
1.58528
1.58528
1.58528
1.58528
1.58528
1.58528
1.58528
1.58528
1.58528
1.58528
1.58528
1.58528
1.58528
1.58528
1.58528
1.58528
1.58528
1.58528
1.58528
1.58528
1.58528
1.58528
1.58528
1.58528
1.58528
1.58528
1.58528
1.58528
1.58528
1.58528
1.58528
1.58528
1.58528
1.58528
1.58528
1.58528
1.58528
1.58528
1.58528
1.58528
1.58528
1.58528
1.58528
1.58528
1.58528
1.58528
1.58528
1.58528
1.58528
1.58528
1.58528
1.58528
1.58528
1.58528
1.58528
1.58528
1.58528
1.58528
