1.15716
1.06802
1.06802
1.01746
1.01746
1.01746
0.97311
0.97311
0.97311
0.97311
0.95852
0.95852
0.95852
0.95852
0.95852
0.94745
0.94745
0.94745
0.94745
0.94745
0.94745
0.94237
0.94237
0.94237
0.94237
0.94166
0.93442
0.92951
0.92951
0.92951
0.92951
0.92951
0.92951
0.92951
0.92951
0.92951
0.92951
0.92951
0.92658
0.92658
0.92658
0.92658
0.92658
0.92638
0.92638
0.92627
0.92627
0.92627
0.92627
0.92627
0.92627
0.92625
0.92411
0.92411
0.92411
0.92411
0.92411
0.92411
0.92411
0.92411
0.92411
0.92411
0.92381
0.92381
0.92381
0.92381
0.92381
0.92381
0.92381
0.92381
0.92381
0.92381
0.92381
0.92373
0.92361
0.92361
0.92361
0.92361
0.92361
0.92361
0.92361
0.92355
0.92355
0.92355
0.92355
0.92355
0.92355
0.92355
0.92355
0.92354
0.92354
0.92354
0.92354
0.92353
0.92353
0.92353
0.92352
0.92352
0.92352
0.92352
0.92352
0.92352
0.92352
0.92352
0.92352
0.92352
0.92352
0.92352
0.92352
0.92352
0.92352
0.92352
0.92352
0.92352
0.92352
0.92352
0.92352
0.92352
0.92352
0.92352
0.92351
0.92351
0.92349
0.92349
0.92349
0.92342
0.92339
0.92339
0.92338
0.92337
0.92336
0.92336
0.92336
0.92336
0.92324
0.92324
0.92324
0.92324
0.92324
0.92312
0.92312
0.92312
0.92312
0.92312
0.92312
0.92312
0.92312
0.92312
0.92311
0.92311
0.92311
0.92311
0.92311
0.92311
0.92311
0.92311
0.92311
0.92311
0.92311
0.92311
0.92311
0.92311
0.92311
0.92311
0.92311
0.92311
0.92311
0.92311
0.92311
0.92311
0.92311
0.92311
0.92311
0.92311
0.92311
0.92310
0.92310
0.92310
0.92310
0.92310
0.92310
0.92310
0.92310
0.92310
0.92310
0.92310
0.92310
0.92310
0.92310
0.92310
0.92310
0.92310
0.92310
0.92310
0.92310
0.92310
0.92310
0.92310
0.92310
0.92310
0.92310
0.92310
0.92310
0.92310
0.92310
0.92310
0.92310
0.92310
0.92310
0.92310
0.92310
0.92310
0.92310
0.92310
0.92310
0.92310
0.92310
0.92310
0.92310
0.92310
0.92310
0.92310
0.92310
0.92310
0.92310
0.92310
0.92310
0.92310
0.92310
0.92310
0.92310
0.92310
0.92310
0.92310
0.92310
0.92310
0.92310
0.92310
0.92310
0.92310
0.92310
0.92310
0.92310
0.92310
0.92310
0.92310
0.92310
0.92310
0.92310
0.92310
0.92310
0.92310
0.92310
0.92310
0.92310
0.92310
0.92310
0.92310
0.92310
0.92310
0.92310
0.92310
0.92310
0.92310
0.92310
0.92310
0.92310
0.92309
0.92309
0.92309
0.92309
0.92309
0.92309
0.92309
0.92309
0.92309
0.92309
0.92309
0.92309
0.92309
0.92309
0.92309
0.92309
0.92309
0.92309
0.92309
0.92309
0.92309
0.92309
0.92309
0.92309
0.92309
0.92309
0.92309
0.92309
0.92309
0.92309
0.92309
0.92309
0.92309
0.92309
0.92309
0.92309
0.92309
0.92309
0.92309
0.92309
0.92309
0.92309
0.92309
0.92309
0.92309
0.92309
0.92309
0.92309
0.92309
0.92309
0.92309
0.92309
0.92309
0.92309
0.92309
0.92309
0.92309
0.92309
0.92309
0.92309
0.92309
0.92309
0.92309
0.92309
0.92309
0.92309
0.92309
0.92309
0.92309
0.92309
0.92309
0.92309
0.92309
0.92309
0.92309
0.92309
0.92309
0.92309
0.92309
0.92309
0.92309
0.92309
0.92309
0.92309
0.92309
0.92309
0.92309
0.92309
0.92309
0.92309
0.92309
0.92309
0.92309
0.92309
0.92309
0.92309
0.92309
0.92309
0.92309
0.92309
0.92309
0.92309
0.92309
0.92309
0.92309
0.92309
0.92309
0.92309
0.92309
0.92309
0.92309
0.92309
0.92309
0.92309
0.92309
0.92309
0.92309
0.92309
0.92309
0.92309
0.92309
0.92309
0.92309
0.92309
0.92309
0.92309
0.92309
0.92309
0.92309
0.92309
0.92309
0.92309
0.92309
0.92309
0.92309
0.92309
0.92309
0.92309
0.92309
0.92309
0.92309
0.92309
0.92309
0.92309
0.92309
0.92309
0.92309
0.92309
0.92309
0.92309
0.92309
0.92309
0.92309
0.92309
0.92309
0.92309
0.92309
0.92309
0.92309
0.92309
0.92309
0.92309
0.92309
0.92309
0.92309
0.92309
0.92309
0.92309
0.92309
0.92309
0.92309
0.92309
0.92309
0.92309
0.92309
0.92309
0.92309
0.92309
0.92309
0.92309
0.92309
0.92309
0.92309
0.92309
0.92309
0.92309
0.92309
0.92309
0.92309
0.92309
0.92309
0.92309
0.92309
0.92309
0.92309
0.92309
0.92309
0.92309
0.92309
0.92309
0.92309
0.92308
0.92308
0.92308
0.92308
0.92308
0.92308
0.92308
0.92306
0.92305
0.92302
0.92302
0.92300
0.92300
0.92300
0.92300
0.92300
0.92300
0.92299
0.92299
0.92299
0.92299
0.92299
0.92299
0.92299
0.92299
0.92299
0.92299
0.92299
0.92299
0.92299
0.92299
0.92299
