1.27409
1.27409
1.09722
1.09722
1.09722
1.09722
1.09685
0.98980
0.98980
0.98980
0.98980
0.98980
0.98980
0.98192
0.97787
0.96400
0.96400
0.95605
0.95605
0.95203
0.95203
0.95203
0.95203
0.93029
0.93029
0.93029
0.93029
0.93029
0.93029
0.93029
0.93029
0.93029
0.93029
0.93029
0.93029
0.93029
0.93029
0.93029
0.92805
0.92584
0.92584
0.92518
0.92508
0.92508
0.92508
0.92508
0.92508
0.92508
0.92508
0.92508
0.92508
0.92467
0.92432
0.92367
0.92367
0.92367
0.92277
0.92277
0.92277
0.92277
0.92277
0.92277
0.92277
0.92277
0.92277
0.92277
0.92277
0.92224
0.92224
0.92224
0.92224
0.92220
0.92170
0.92170
0.92170
0.92170
0.92170
0.92170
0.92170
0.92170
0.92170
0.92170
0.92170
0.92170
0.92170
0.92170
0.92161
0.92161
0.92161
0.92161
0.92161
0.92161
0.92158
0.92158
0.92158
0.92158
0.92158
0.92158
0.92158
0.92157
0.92157
0.92157
0.92157
0.92157
0.92157
0.92157
0.92157
0.92157
0.92157
0.92156
0.92155
0.92155
0.92155
0.92155
0.92155
0.92155
0.92155
0.92155
0.92155
0.92155
0.92155
0.92155
0.92155
0.92155
0.92155
0.92155
0.92155
0.92155
0.92155
0.92155
0.92155
0.92155
0.92155
0.92155
0.92155
0.92155
0.92155
0.92155
0.92155
0.92155
0.92155
0.92155
0.92155
0.92155
0.92155
0.92155
0.92155
0.92155
0.92155
0.92154
0.92154
0.92154
0.92154
0.92154
0.92153
0.92153
0.92153
0.92153
0.92153
0.92153
0.92153
0.92153
0.92153
0.92153
0.92153
0.92153
0.92153
0.92153
0.92152
0.92152
0.92152
0.92152
0.92152
0.92152
0.92152
0.92152
0.92152
0.92152
0.92152
0.92152
0.92152
0.92152
0.92152
0.92152
0.92152
0.92152
0.92152
0.92152
0.92152
0.92152
0.92152
0.92151
0.92151
0.92151
0.92151
0.92151
0.92151
0.92151
0.92151
0.92151
0.92151
0.92151
0.92151
0.92151
0.92151
0.92151
0.92151
0.92151
0.92151
0.92151
0.92151
0.92151
0.92151
0.92151
0.92151
0.92151
0.92151
0.92151
0.92151
0.92151
0.92151
0.92151
0.92151
0.92151
0.92151
0.92151
0.92151
0.92151
0.92151
0.92151
0.92151
0.92151
0.92151
0.92151
0.92151
0.92151
0.92151
0.92151
0.92151
0.92151
0.92151
0.92151
0.92151
0.92151
0.92151
0.92151
0.92151
0.92151
0.92151
0.92151
0.92151
0.92151
0.92151
0.92151
0.92151
0.92151
0.92151
0.92151
0.92151
0.92151
0.92151
0.92151
0.92151
0.92151
0.92151
0.92151
0.92151
0.92151
0.92151
0.92151
0.92151
0.92151
0.92151
0.92151
0.92151
0.92151
0.92151
0.92151
0.92151
0.92151
0.92151
0.92151
0.92151
0.92151
0.92151
0.92151
0.92151
0.92151
0.92151
0.92151
0.92151
0.92151
0.92151
0.92151
0.92151
0.92151
0.92151
0.92151
0.92151
0.92151
0.92151
0.92151
0.92151
0.92151
0.92151
0.92151
0.92151
0.92151
0.92151
0.92151
0.92151
0.92151
0.92151
0.92151
0.92151
0.92151
0.92151
0.92151
0.92151
0.92151
0.92151
0.92151
0.92151
0.92151
0.92151
0.92151
0.92151
0.92151
0.92151
0.92151
0.92151
0.92151
0.92151
0.92151
0.92151
0.92151
0.92151
0.92151
0.92151
0.92151
0.92151
0.92151
0.92151
0.92151
0.92151
0.92151
0.92151
0.92151
0.92151
0.92151
0.92151
0.92151
0.92151
0.92151
0.92151
0.92151
0.92151
0.92151
0.92151
0.92151
0.92151
0.92151
0.92151
0.92151
0.92151
0.92151
0.92151
0.92151
0.92151
0.92151
0.92151
0.92151
0.92151
0.92151
0.92151
0.92151
0.92151
0.92151
0.92151
0.92151
0.92151
0.92151
0.92151
0.92151
0.92151
0.92151
0.92151
0.92151
0.92151
0.92151
0.92151
0.92151
0.92151
0.92151
0.92151
0.92151
0.92151
0.92151
0.92151
0.92151
0.92151
0.92151
0.92151
0.92151
0.92151
0.92151
0.92151
0.92151
0.92151
0.92151
0.92151
0.92151
0.92151
0.92151
0.92151
0.92151
0.92151
0.92151
0.92151
0.92151
0.92151
0.92151
0.92151
0.92151
0.92151
0.92151
0.92151
0.92151
0.92151
0.92151
0.92151
0.92151
0.92151
0.92151
0.92151
0.92151
0.92151
0.92151
0.92151
0.92151
0.92151
0.92151
0.92151
0.92151
0.92151
0.92151
0.92151
0.92151
0.92151
0.92151
0.92151
0.92151
0.92151
0.92151
0.92151
0.92151
0.92151
0.92151
0.92151
0.92151
0.92151
0.92151
0.92151
0.92151
0.92151
0.92151
0.92151
0.92151
0.92151
0.92151
0.92151
0.92151
0.92151
0.92151
0.92151
0.92151
0.92151
0.92151
0.92151
0.92151
0.92151
0.92151
0.92151
0.92151
0.92151
0.92151
0.92151
0.92151
0.92151
0.92151
0.92151
0.92151
0.92151
0.92151
0.92151
0.92151
0.92151
0.92151
0.92151
0.92151
