1.09284
1.09284
1.09284
1.09284
1.09284
1.08896
1.08168
1.08168
1.08168
1.08168
1.08168
1.04557
0.98668
0.98668
0.97424
0.97424
0.97424
0.96983
0.96983
0.96294
0.96294
0.96294
0.95463
0.95463
0.95463
0.95463
0.95463
0.95253
0.95197
0.95059
0.95059
0.94056
0.94056
0.93480
0.93480
0.93480
0.93480
0.93480
0.93480
0.93480
0.92994
0.92994
0.92975
0.92975
0.92780
0.92780
0.92577
0.92577
0.92577
0.92481
0.92350
0.92264
0.92207
0.92207
0.92169
0.92169
0.92169
0.92169
0.92168
0.92167
0.92167
0.92167
0.92167
0.92167
0.92167
0.92167
0.92167
0.92167
0.92167
0.92167
0.92167
0.92167
0.92167
0.92167
0.92167
0.92167
0.92167
0.92167
0.92167
0.92167
0.92167
0.92167
0.92167
0.92151
0.92151
0.92135
0.92135
0.92135
0.92135
0.92135
0.92135
0.92135
0.92135
0.92135
0.92135
0.92135
0.92135
0.92135
0.92135
0.92135
0.92135
0.92135
0.92135
0.92135
0.92135
0.92134
0.92134
0.92134
0.92134
0.92134
0.92134
0.92134
0.92134
0.92134
0.92134
0.92134
0.92134
0.92134
0.92134
0.92134
0.92134
0.92134
0.92133
0.92133
0.92133
0.92133
0.92133
0.92133
0.92133
0.92133
0.92133
0.92133
0.92133
0.92133
0.92133
0.92133
0.92133
0.92133
0.92133
0.92133
0.92133
0.92133
0.92133
0.92133
0.92133
0.92133
0.92133
0.92133
0.92133
0.92133
0.92133
0.92133
0.92133
0.92133
0.92133
0.92133
0.92133
0.92133
0.92133
0.92133
0.92133
0.92133
0.92133
0.92133
0.92133
0.92133
0.92133
0.92133
0.92133
0.92133
0.92133
0.92133
0.92133
0.92133
0.92133
0.92133
0.92133
0.92133
0.92133
0.92133
0.92133
0.92133
0.92133
0.92133
0.92133
0.92133
0.92133
0.92133
0.92133
0.92133
0.92133
0.92133
0.92133
0.92133
0.92133
0.92133
0.92133
0.92133
0.92133
0.92133
0.92133
0.92133
0.92133
0.92133
0.92133
0.92133
0.92133
0.92133
0.92133
0.92133
0.92133
0.92133
0.92133
0.92133
0.92133
0.92133
0.92133
0.92133
0.92133
0.92133
0.92133
0.92133
0.92133
0.92133
0.92133
0.92133
0.92133
0.92133
0.92133
0.92133
0.92133
0.92133
0.92133
0.92133
0.92133
0.92133
0.92133
0.92133
0.92133
0.92133
0.92133
0.92133
0.92133
0.92133
0.92133
0.92133
0.92133
0.92133
0.92133
0.92133
0.92133
0.92133
0.92133
0.92133
0.92133
0.92133
0.92133
0.92133
0.92133
0.92133
0.92133
0.92133
0.92133
0.92133
0.92133
0.92133
0.92133
0.92133
0.92133
0.92133
0.92133
0.92133
0.92133
0.92133
0.92133
0.92133
0.92133
0.92133
0.92133
0.92133
0.92133
0.92133
0.92133
0.92133
0.92133
0.92133
0.92133
0.92133
0.92133
0.92133
0.92133
0.92133
0.92133
0.92133
0.92133
0.92133
0.92133
0.92133
0.92133
0.92133
0.92133
0.92133
0.92133
0.92133
0.92133
0.92133
0.92133
0.92133
0.92133
0.92133
0.92133
0.92133
0.92133
0.92133
0.92133
0.92133
0.92133
0.92133
0.92133
0.92133
0.92133
0.92133
0.92133
0.92133
0.92133
0.92133
0.92133
0.92133
0.92133
0.92133
0.92133
0.92133
0.92133
0.92133
0.92133
0.92133
0.92133
0.92133
0.92133
0.92133
0.92133
0.92133
0.92133
0.92133
0.92133
0.92133
0.92133
0.92133
0.92133
0.92133
0.92133
0.92133
0.92133
0.92133
0.92133
0.92133
0.92133
0.92133
0.92133
0.92133
0.92133
0.92133
0.92133
0.92133
0.92133
0.92133
0.92133
0.92133
0.92133
0.92133
0.92133
0.92133
0.92133
0.92133
0.92133
0.92133
0.92133
0.92133
0.92133
0.92133
0.92133
0.92133
0.92133
0.92133
0.92133
0.92133
0.92133
0.92133
0.92133
0.92133
0.92133
0.92133
0.92133
0.92133
0.92133
0.92133
0.92133
0.92133
0.92133
0.92133
0.92133
0.92133
0.92133
0.92133
0.92133
0.92133
0.92133
0.92133
0.92133
0.92133
0.92133
0.92133
0.92133
0.92133
0.92133
0.92133
0.92133
0.92133
0.92133
0.92133
0.92133
0.92133
0.92133
0.92133
0.92133
0.92133
0.92133
0.92133
0.92133
0.92133
0.92133
0.92133
0.92133
0.92133
0.92133
0.92133
0.92133
0.92133
0.92133
0.92133
0.92133
0.92133
0.92133
0.92133
0.92133
0.92133
0.92133
0.92133
0.92133
0.92133
0.92133
0.92133
0.92133
0.92133
0.92133
0.92133
0.92133
0.92133
0.92133
0.92133
0.92133
0.92133
0.92133
0.92133
0.92133
0.92133
0.92133
0.92133
0.92133
0.92133
0.92133
0.92133
0.92133
0.92133
0.92133
0.92133
0.92133
0.92133
0.92133
0.92133
0.92133
0.92133
0.92133
0.92133
0.92133
0.92133
0.92133
0.92133
0.92133
0.92133
0.92133
0.92133
0.92133
0.92133
0.92133
0.92133
0.92133
0.92133
0.92133
0.92133
